leaf 332.9409545898437 288.74855784655307 554.1197725981668 635.0307325203755
leaf 622.9111545138888 242.35635129725213 975.1714476741217 665.6297902923496
leaf 1083.162491383272 227.55630246912713 1506.8333285462622 718.5750289169443
leaf 1641.1531109579248 286.4977692266019 2065.5201119217218 815.8338774315562
leaf 426.23818351396545 862.8682789211658 750.5460019978043 1280.119273248942
leaf 881.5948720096762 919.1258775342782 1122.0866838043812 1215.8527216402872
leaf 1218.3504517399408 980.6216719129931 1370.7793051725898 1200.3228397424352
leaf 1606.3773498136234 1071.1254668222036 1663.7676836001328 1162.6186164614103
mark 2085.4726951848447 36.666797560985906 2144.5147877412683 100.74441387605256
tag 1605.5821368847019 1624.532803846024 1923.4396012050654 1760.735939751441
scale 170.8648570740145 375.2291942233655 909.6564417221966 1815.3578028610186
