leaf 371.218093054279 209.99582816814555 676.8936858532475 586.3994131855582
leaf 736.943106777216 225.81647699728782 1138.2705866396036 658.7957083164961
leaf 1202.8194449231514 200.0552624011862 1623.6244309768176 703.1444485543789
leaf 1668.9568021088644 250.50208929215356 2142.429767603656 762.1264918974076
leaf 294.0162704567504 797.2932569569556 660.5569023182189 1269.2482138447378
leaf 753.657173426011 873.3681084205365 1091.4819947086908 1260.9483351433414
leaf 1191.9612298304737 922.3513485261765 1430.0010381561478 1218.7304584020858
leaf 1563.0336831086602 996.0278951710669 1698.3986880233865 1177.7691313644937
leaf 1814.7321311402166 1043.0508717504042 1919.555961818321 1163.0481846250339
mark 2088.761421632455 41.73999341328939 2151.1501040390112 103.68847750521255
tag 1714.2166187959558 1762.0468787708503 2037.9467658547794 1907.5144399884105
scale 153.01059985191992 385.5772468742283 897.363108117596 1823.3862794021084
