leaf 363.1811871948242 270.73046875 549.0446188964843 611.0254679764852
leaf 665.6247241210938 232.73054126701734 1010.8063891601563 652.877987701114
leaf 1172.1051053466797 219.00106841738864 1592.1224748535155 730.515625
leaf 1651.1017265625 287.4589553681931 2118.0500212402344 795.5814994585396
leaf 299.13102215576174 952.2804764851486 666.5768233642578 1430.6130878712872
leaf 771.0969614864175 995.7082368480216 1055.584001927594 1386.8119323291367
leaf 1145.7750167547488 1058.7625899280577 1388.8785944521037 1386.6210768884894
leaf 1478.410071678411 1128.1043727517986 1618.2982268688725 1323.3558621852517
leaf 1810.4815024382149 1169.176534397482 1906.4313936121323 1312.919185589029
mark 2093.693000344669 36.970230300134894 2150.5717920241013 104.02661659734713
tag 1727.1493601281659 1623.1801989658275 2044.417560572406 1767.184346897482
scale 139.16862745098038 332.06323769109713 907.7511350145527 1772.0153973696044
