leaf 380.49528696895425 122.33864165996683 611.0937314899918 508.403393712537
leaf 698.5648820465686 100.80614820019952 1060.5685961754493 573.4421951030863
leaf 1193.6636938955269 70.65024218065984 1622.8971532883986 611.7109935365874
leaf 1706.2682425704656 147.81976660366715 2130.5391665390116 677.4966866065716
leaf 360.4875456367443 887.2923985185294 733.1399123646854 1405.7433476941337
leaf 836.4924469592524 932.7276323252711 1140.6833910973244 1366.5988801101157
leaf 1274.694260940053 1049.3480335104055 1490.744300194036 1341.4457008098734
leaf 1551.4189242493871 1164.8166751203867 1678.576239532271 1350.3459099079
leaf 1764.2038449754903 1190.784709535796 1845.9304623672385 1320.1770290506297
mark 2082.9581954656865 38.71969611069252 2151.0620627808416 107.4892929340231
tag 1792.5315410539215 1788.346951451795 2108.319206367443 1908.301356348498
scale 167.93644141901552 380.308734499175 920.5451149535335 1819.8332637918406
