leaf 339.41048879187093 299.7370347949358 553.9470054476869 626.7017377181176
leaf 765.5527728311376 215.42668882003827 1103.7963500976562 626.2168187357292
leaf 1213.6320074742137 208.00624845226034 1596.134934768178 664.234836786046
leaf 1680.1733425564237 182.38791785472444 2129.105882352941 715.5759312320918
leaf 223.63251011667688 760.3428380578158 640.4609842537275 1268.9689609123163
leaf 734.198122510723 792.3595544328662 1073.292715833078 1242.59084759469
leaf 1197.9412998972375 851.7083721871362 1455.2156210107742 1219.2141776098563
leaf 1589.0035153058618 943.757477418741 1760.797825393178 1157.3326333819282
leaf 1819.2916647518382 982.1924359777936 1935.6475525301266 1128.4141328041053
leaf 2019.1629895578023 1004.102549643093 2084.437136023029 1096.7488440046338
leaf 349.49889410679634 1375.9667262211228 512.0332761278339 1591.4961752467989
mark 2085.969070574193 38.13482303127518 2142.863006791258 107.95430696591265
tag 1824.8809367659824 1788.1811460478598 2142.4220913756126 1924.7786055512959
scale 151.52716814427595 375.9960702278552 891.8215097464767 1822.0708807040762
