leaf 350.34640522875816 309.9995215107211 583.1094735338797 638.9921907493535
leaf 751.9326758291207 233.03730271154168 1051.63123675577 635.2317638808875
leaf 1181.650373870251 258.9875892913599 1583.6432834201387 739.9600455085151
leaf 1661.8897362004698 237.2840137728684 2077.169012331495 750.6269188750562
leaf 401.1110632404003 988.968577564706 750.4858470243566 1439.2035681415805
leaf 923.6405228758169 1051.8671375302101 1192.0713584750306 1404.150623085516
leaf 1312.660748650046 1123.556821183678 1498.082631229575 1379.3514109220437
leaf 1554.4469249451083 1243.4842350143322 1633.6487406811684 1360.6181333253708
leaf 1714.7464376212724 1258.6067320460038 1776.3791886871936 1352.4239154184465
mark 2094.7967489404614 35.582231568261015 2147.10737719567 100.67567764392001
tag 1822.8957862604677 1812.99422396653 2143.308899324704 1973.6019202801822
scale 169.536101696538 375.5827874272847 909.6978081597223 1813.898112388995
