leaf 398.0508717256434 238.6444802119814 601.4518411075368 579.4023715490582
leaf 728.5356488396139 149.63568742247833 1027.9247357536765 564.8244853403376
leaf 1117.0499224494486 187.51868346641803 1529.5270450367648 684.407010133239
leaf 1659.4083467371322 218.74750060596685 2063.7740263097426 693.7636526699723
leaf 437.63549086626836 798.6708391123805 700.4545467601102 1152.1961979482367
leaf 833.8358513327206 742.7736865514996 1235.342741842831 1188.0677747178352
leaf 1364.9106789981618 881.2723523720928 1559.2779526654413 1139.624076492485
leaf 1715.130003446691 943.0942947563083 1818.9776711856616 1092.0856317980536
leaf 1936.6419950597426 978.511742778208 1994.46181640625 1100.3790476130343
mark 2086.1857737821692 37.66061432060154 2148.879526654412 101.980441520954
tag 1756.6788918887867 1810.135277057516 2054.137801585478 1957.3189342981095
scale 163.69676298253677 386.52452710031093 911.5310044232538 1814.3903043900411
