leaf 387.5447678908803 264.16155028857776 570.2272717843648 555.354884700638
leaf 703.8269876716963 173.9878598000506 1022.7966296626073 583.6450803029452
leaf 1159.1123968386182 195.86828960171707 1527.2864120583129 642.3625899280576
leaf 1684.6671725005106 176.5757669791901 2119.8076068155124 687.8866031344846
leaf 358.1434110753676 952.2731945888602 768.8713706022774 1448.8242972614096
leaf 952.7564725190206 963.8344030146976 1282.8723691055197 1428.2764537783835
leaf 1402.4721121195873 949.6311574373315 1720.4089866089664 1365.8056972585996
leaf 1850.1764705882356 998.8267369112526 2090.496732026144 1327.6552812535133
leaf 755.4522852679484 1526.7432004201328 848.6478885825163 1657.3619144137815
leaf 1009.3745400422539 1514.9308571794909 1176.2081980985754 1755.113756885117
mark 2092.6280078763275 31.92555748370054 2150.3763938355287 98.57006159720662
tag 1785.2347635506026 1793.7369491906475 2114.4730551725897 2008.9965728979316
scale 172.56866335401347 384.9168208060505 913.9395065806269 1827.306715623595
