leaf 346.7422181372549 377.56273879895423 585.1398692810458 703.5494978479196
leaf 718.9802396088644 285.50194844009206 1046.7439478656047 709.5354732475117
leaf 1182.7665913500816 230.6720642790391 1616.1193997651144 713.191046256417
leaf 1739.9911151960785 282.11736478217193 2187.53196997549 811.2367959152507
leaf 249.87955856821895 941.0907931663044 664.671994995915 1414.1395941451087
leaf 775.9606770833333 919.711438653801 1102.1050513174018 1331.7982384395737
leaf 1335.6349762561274 988.9660497416384 1579.149645118464 1314.660790595297
leaf 1697.570539726307 1041.492303528095 1868.6806985294115 1275.7231462826176
leaf 1971.8781913807188 1098.9497329514886 2073.0962035334965 1251.954367244945
mark 2088.3252629697713 39.14581220016589 2153.4161611519608 107.04578578078765
tag 1739.4808632046568 1760.7433679216733 2049.271360549428 1883.5772654288469
scale 167.99755093443628 384.55182541528427 911.5775588490604 1826.2828537271903
