leaf 362.11369341681984 339.27652310776983 564.2272834329044 638.5439364553868
leaf 717.0234342288347 236.56847754292104 1041.428891330295 620.4619802716135
leaf 1125.9690875682954 220.70292093561986 1515.5653631472119 669.2618914198601
leaf 1632.2502912134905 179.10161704578618 2095.6374226090174 736.5722294072995
leaf 271.8327233009089 934.3702500441979 710.1853204465381 1417.0946334312703
leaf 790.8548995672487 942.375639641422 1191.8064802581189 1375.633651031845
leaf 1218.933287696589 983.9072684803228 1481.0776384740095 1314.7796911480782
leaf 1548.3799755221098 1039.4324557424961 1720.0057021994994 1246.5611931811804
leaf 1736.8462943282782 1089.8974151611328 1841.061274190666 1225.073195534191
leaf 1899.1738530177695 1129.3622824131758 1984.2225510940052 1238.84359951677
leaf 2036.8507257199753 1136.7766262361374 2105.3678171594156 1225.6814613780757
mark 2085.251272563062 40.957714826211166 2140.3453279781966 103.85154649581034
tag 1644.5295512280434 1753.0368212118917 1959.0937321282681 1879.9639233117816
scale 169.32228397543912 382.92136356748387 912.177081897212 1822.0507980872846
