leaf 303.2771094759604 321.0750906088918 515.28951934585 620.6933432667527
leaf 590.1710448300928 256.6318903028351 910.5848813164503 643.3792545908506
leaf 1039.3053233211203 257.01092541881445 1432.6193083569522 682.850028189433
leaf 1608.9481453572898 240.45452440399487 2020.1915097344192 716.7006040592785
leaf 305.991220115719 951.8594192976805 761.1615384897791 1456.8866704252578
leaf 789.4004759824365 953.8865214239692 1121.5695344164856 1375.3920908505156
leaf 1231.685750860917 1023.0677875322166 1476.8829237859054 1379.8928157216496
leaf 1567.7901427763745 1110.4701393363403 1739.211745871637 1333.1060808634022
leaf 1785.1210923732672 1131.8079896907218 1939.8081341506843 1338.3689352448455
leaf 2023.085376251909 1195.6672881765464 2096.655293170671 1284.8181741301546
mark 2086.2132031433566 38.72132933311856 2149.9280294547407 103.99274927512887
tag 1758.1729442625121 1780.448195876289 2063.248120300752 1932.058436694588
scale 163.31862451080093 383.7821883054124 900.8907585430863 1826.3621858891754
