leaf 333.8023487750749 316.6831429221413 532.5775662759193 640.6708415638317
leaf 651.7506353622093 239.8118008700284 952.0795453293881 643.5738788951527
leaf 1242.661522886807 232.98829234730115 1565.5147583466726 703.8273884166371
leaf 1686.0867750124826 200.0892333984375 2109.9308233045995 731.2777945778587
leaf 338.22871031797024 941.8018174604937 715.8625495164915 1424.780057040128
leaf 888.8334045410156 1050.4415671608665 1044.9127926934034 1245.302490234375
leaf 1143.7978212743774 1119.0094507390802 1253.7373285508695 1269.6193625710227
leaf 1353.125064247533 1141.027704412287 1435.5761402101446 1289.4816617098722
leaf 1866.8627927392947 1154.901917891069 1964.2757527057393 1295.5750954367898
leaf 1684.650251345527 1153.04296875 1760.7834667693405 1272.940492109819
leaf 1499.2041352924548 1149.247392134233 1592.0729276040443 1281.7920143821023
mark 2087.3074797436707 30.381240151145242 2150.2743388011045 105.46712285822088
tag 1765.2971673262748 1763.031122381037 2078.241486972436 1895.6942929354582
scale 154.51820327644066 377.45031946355647 890.3547282971834 1821.6818181818182
