leaf 337.35843629765327 284.202190556802 519.6198565260808 632.5883466231921
leaf 668.1099110079887 243.67842997401212 956.3552810554218 660.8110283465425
leaf 1098.8377621299342 245.17489800571408 1480.2869799621121 698.3827025358341
leaf 1623.896736776022 290.3102311063404 2039.1834964608786 787.6925134579997
leaf 393.4385027204241 852.1900826446281 820.6014647519678 1347.0843410019045
leaf 881.9647170905779 889.8874774018594 1212.70833180363 1315.970339940599
leaf 1377.6460644714814 1008.4981729806947 1644.8038224528607 1332.683183149858
leaf 1729.9661323719454 1042.8580735892303 1872.685934654752 1253.3584524107373
leaf 1971.8233197434504 1113.1905487312758 2064.711753443668 1245.7619361562176
mark 2088.983932150934 38.51388070603047 2144.1058395500468 99.98426100045195
tag 1572.5090887313497 1776.2545251767497 1894.241596881608 1897.5077630665676
scale 158.75064706443843 383.6739277484988 913.0482173145265 1815.2428709928652
