leaf 358.85277602251836 348.54830616918105 581.5937228732639 712.1613685344828
leaf 701.139918907016 293.03728195716593 1046.4613906760621 728.884694066541
leaf 1120.1043936536203 309.1286663186961 1519.1628226485907 746.4977227572738
leaf 1683.1982533573325 191.5597197433998 2152.2068876378676 759.4194125471444
leaf 267.2255867353452 962.430491480334 694.7704790900735 1462.6157731681035
leaf 834.5420588075725 1030.3274388806574 1143.3041972241372 1447.354248046875
leaf 1255.3815614787582 1075.5741261449355 1541.3316259446487 1437.4305882947199
leaf 1658.573357875051 1111.3913742591594 1806.3096532883985 1327.6572181438578
leaf 1928.9156262765523 1175.1521080280172 2030.5449673521753 1309.2571137526938
mark 2094.125909543505 35.770000589304956 2149.6281498927697 103.02930529364224
tag 1773.7325894224878 1672.0954758216594 2090.7780745761847 1811.911907327586
scale 181.89025599660437 386.77619460533407 922.0215661541308 1823.0356276939656
