leaf 384.83987220247883 197.17080430492913 625.6379995704593 535.6290663257088
leaf 671.9206735711349 146.59405504993558 957.0842133715637 562.05659456548
leaf 1062.4191513635162 167.81158233327966 1417.0988684632725 593.1584759584407
leaf 421.13870789950954 773.4926455782861 797.0480709219337 1238.816766672036
leaf 893.5289673769385 812.3985774403995 1200.651887363061 1205.214900128866
leaf 1321.5958463052161 875.0472152867269 1558.3675218166265 1188.48486328125
leaf 1629.0119766579535 963.869800056379 1762.0980857906484 1134.8912179848583
leaf 1888.495048580313 1089.8114736026096 1939.0026864646968 1176.1620519893686
leaf 1992.5209212912653 1116.4113054727773 2057.6293213349536 1208.6564151095363
mark 2081.280611425414 33.50830858368235 2142.3220469539324 97.47245489690724
tag 1768.745200250382 1766.9804395538017 2080.425794328962 1913.2210252899486
scale 173.46203750954535 384.99644712467784 917.6724862693844 1823.6808674291237
