leaf 391.28832021153954 398.05926148719396 604.9367655130256 700.1416784542123
leaf 670.328947368421 269.48262436070394 1010.0599922811177 671.2596200215448
leaf 1137.1641620836756 294.8526283500121 1516.9809097634218 732.6680412371134
leaf 1600.7435665274024 291.44665332282943 2034.6211988406073 749.545848036304
leaf 461.9886011109316 1053.2974595531975 864.1726535424253 1461.3319973975113
leaf 947.9444586961788 1105.028643106677 1175.2346778812264 1416.7722905424453
leaf 1335.740635233714 1206.2352663649726 1474.3351825914883 1401.3456755647953
leaf 1665.828769081517 1210.2888975163096 1757.6303192368125 1352.4696163216818
mark 2088.3517249544757 34.714901827782704 2148.4134450353176 101.75112191426385
tag 1687.9851526246034 1741.6542865556542 1995.6531243575246 1877.9405469756766
scale 168.01119467369594 379.5996644954092 909.0475383557771 1826.3950976814192
