leaf 387.2399036149333 312.4706823175604 612.2031282123767 649.4628099173553
leaf 754.6491476646939 243.64917849706225 1074.7939983167146 640.5359183067133
leaf 1205.833500453404 201.04144577152474 1634.6363176618302 698.3961820996498
leaf 1713.2941729323306 187.87217794371045 2127.038232330093 731.4600611915273
leaf 363.9508985935297 831.1315719352281 788.6882730354939 1357.171103737571
leaf 920.6304162964784 849.5744929037803 1274.0499935293556 1325.2722867855355
leaf 1421.1794803017062 941.566376489056 1651.6670617125087 1285.9686550424117
leaf 1730.719314231012 970.8110878684304 1921.2330065275492 1240.3670810667936
mark 2083.0903843470983 38.733424667484506 2147.318179481908 99.6060792276682
leaf 784.3427878931949 1422.7360238319586 878.8436212754788 1571.7806319559902
leaf 1143.0099831487898 1469.7554924074284 1202.1070563524288 1555.7246272820087
tag 1698.8397170905778 1775.4873638310708 2004.9514460742919 1890.3462282291127
scale 152.97810317878435 382.6424893465909 892.7232532931448 1827.770829634233
