leaf 399.0001610777432 274.9992166314243 639.0920639611725 642.9680955114443
leaf 779.6708082614986 271.0619173916903 1137.9730199369274 699.2311577915159
leaf 1166.7791532358729 235.093783039692 1585.4341469671494 744.8767311789773
leaf 1679.669388620477 336.26078153247676 2088.4565971202423 829.9303109665548
leaf 341.7517224075203 1006.086012658994 618.6014172546845 1386.3292024470556
leaf 724.4517322052691 926.6930299869252 1116.0001489166032 1402.6442053928847
leaf 1347.1428495708265 1042.0535126993477 1546.2600602458294 1288.0390609867316
leaf 1696.8787288809183 1113.4229605178202 1808.6762213456004 1256.9928044090586
leaf 520.4988853053043 1535.447750879713 584.8992213199014 1617.4609480928782
mark 2085.232670375279 33.94024002453512 2149.862017409246 105.09681285511363
tag 1803.4257248039532 1769.1641896145402 2117.1753914051487 1919.2172059618736
scale 171.91313894171464 385.74736565203705 910.4421937411889 1823.1867363039128
