leaf 315.4212947071047 366.7282741325946 542.3458256542235 697.3187854861426
leaf 620.3578454498062 290.0097580586583 911.527330212127 706.2929402501129
leaf 1101.1215416470866 209.4001631303267 1475.3189460926487 665.5597251702932
leaf 1613.3704446204624 276.8017395271743 2004.8127342740397 758.5055113232826
leaf 481.90672015426753 983.018702987797 743.4764037168115 1332.0880908808433
leaf 965.7470854565614 1028.950864933739 1175.164714153548 1288.4077894983213
leaf 1510.7288228658806 1096.9086727426072 1602.8125796210497 1216.3258904070894
leaf 1741.604936413299 1159.4220702116154 1807.3214510580651 1250.8899934626806
mark 2085.7719380084736 37.17170778384879 2153.423113371197 103.61938161298264
tag 1803.6288387900906 1742.0410597619932 2110.5127448748826 1875.0662540404264
scale 158.62059801144707 379.58080260221624 906.466237462553 1818.0376692842844
