leaf 348.2002958409926 199.60921817477663 574.6358556410846 549.769784172662
leaf 741.6472048651904 209.18946576167832 1064.1952129163242 601.2649527918973
leaf 1320.7805965108084 160.73800589677958 1722.864358313998 628.609541677787
leaf 386.773985210218 713.87448992048 717.3183942522322 1116.6302836479363
leaf 825.1637596187737 811.5302508178459 1206.8796992481205 1269.6528428987936
leaf 1425.5682230784482 806.8808054163836 1648.0150375939852 1096.9402788055609
leaf 1819.7086713977328 891.2755073879077 1904.7944826972218 996.2951349293965
mark 2086.339532149466 39.77161415368627 2147.1224415714582 100.39521331471192
tag 1604.8419400552164 1704.383103396335 1933.4429399303926 1822.1322903524524
scale 170.65220424107144 376.3498103613686 912.7205530611196 1816.1639434624904
