leaf 386.39609888980266 250.83884886431645 627.8644340343045 585.2602705866653
leaf 779.9712538181392 285.6527744079969 1102.686288475094 726.9778848020187
leaf 1163.248744419643 244.977231991217 1559.794062793703 745.6603547722162
leaf 1630.9700716635339 270.5259067069423 2025.3216488486842 760.4370235972276
leaf 340.27079050164474 812.8166611318015 787.3489118303571 1355.5335352169059
leaf 934.2252041235903 969.4067640600738 1222.8663210761279 1364.004723084886
leaf 1360.6813983200188 1034.1736570243756 1587.001519913064 1329.5237589770963
leaf 1678.6041470864664 1160.437652651074 1826.8584938909776 1372.141808804024
leaf 1913.1753700657896 1160.198609914839 2027.5331223566732 1293.107385228633
mark 2081.2453301221803 34.463980159404116 2144.492459175282 98.11449538205227
tag 1621.7766241776317 1794.5736708236284 1933.213397262688 1934.0975672877846
scale 168.4372723801692 379.78947698304864 905.2997386043235 1812.73736989276
