leaf 365.03467863842957 364.21564060486475 606.785261111152 725.9148032276902
leaf 711.0548414646236 232.16882701755802 1057.3210261065262 672.8783925479221
leaf 1186.6767071028403 233.54598571148117 1587.6963289877528 748.2355364927313
leaf 1748.0715779469426 248.6475188265142 2187.7864453308566 761.431308392397
leaf 296.0498060642329 925.8372265373309 655.7565509538006 1364.3394799301307
leaf 777.6437306798491 955.8694646776338 1041.7853450918558 1315.0419960887164
leaf 1125.7653615851152 1035.474846845804 1301.4554050990514 1280.0339139014177
leaf 1427.2515134883106 1162.841783031975 1537.5815074031514 1328.1718989106798
leaf 1711.1911559140772 1221.28631151337 1781.5356227329798 1306.480792802634
mark 2086.804264843016 40.483592051083285 2153.0615704758725 107.4957965024968
tag 1759.6891901690262 1719.6553070382975 2080.650926632989 1861.3256055694267
scale 162.8159173951113 382.57737577772633 913.8524775684328 1820.3151878120973
