leaf 367.8932366622122 352.7753621209528 573.1900506270559 664.4740566607604
leaf 650.8597476356908 320.48136514879997 936.4998072574014 696.7072611700629
leaf 1029.136808696546 292.04140725676547 1414.651611328125 718.0259975787292
leaf 1589.3958675986842 210.31019261940241 2028.8973195929275 719.3060660136116
leaf 271.8698248612253 876.4907533625967 697.1462723581415 1391.6333920193701
leaf 760.0379831414474 870.2477862485906 1183.6757876747533 1363.338371481355
leaf 1307.3609747635692 915.2517230790916 1660.4338443153783 1339.132310375725
leaf 1750.2112780119244 972.1321465246457 2030.0053132709704 1302.5382937087227
leaf 670.5386898643092 1419.5296444607766 850.383879009046 1661.6709736932187
leaf 1061.3366377981085 1510.44217088837 1154.5847360711348 1627.9312837266432
mark 2088.0468236019738 41.91938564654478 2154.729466488487 105.5492954529438
tag 1764.4756180612665 1744.9997990244444 2058.5994680304275 1857.8029425237598
scale 158.99074835526315 379.6468998545224 914.1759932668585 1832.6792832836663
