leaf 336.559367244405 274.0843623137671 565.4241445440996 640.7897671786221
leaf 664.4396738611666 302.466394093411 956.5582087237136 676.4424473786157
leaf 1119.169234885309 272.6916239084291 1500.7538950066817 731.5352756720929
leaf 1698.7290972946282 236.28057337989492 2160.765683970057 745.7238775836535
leaf 388.3481019672595 1036.8768449263139 746.2869934999853 1510.3187125970508
leaf 893.6807198201803 1085.5891475204594 1118.7543745686237 1385.5582175767127
leaf 1215.338121686663 1136.2016321607857 1402.0069839362814 1395.2319178305381
leaf 1655.3160216826245 1204.544151873628 1796.9022113541912 1384.251874182835
mark 2088.5474906290387 39.27059835638882 2151.706292403372 107.51376380605146
tag 1812.9629420230265 1822.0718081135394 2127.9216446267037 1952.4296834646177
scale 170.01300760140097 386.76327729028117 916.8311441751351 1826.386476627066
