leaf 344.516592384281 260.77053278142756 605.069543365249 618.9301054142722
leaf 700.421052631579 185.79272839254583 1086.6090170494597 613.8236706946507
leaf 1156.241635430128 121.40500218415063 1561.8168647020384 625.0852465668985
leaf 1724.1112854462817 130.3332507551209 2210.5090263194606 690.0376412888204
leaf 213.3604275122621 775.9623841845299 679.0128178417235 1302.7752153380843
leaf 762.4812681728737 795.4482806497368 1103.734078084616 1234.4345551798165
leaf 1255.139893495947 841.5259944190664 1547.2084736071138 1224.0253235367704
leaf 1677.0248743501822 858.1726511174982 1875.900326836378 1142.750447801322
leaf 816.8423567463582 1358.108914335897 916.5996924378819 1520.0227778411106
leaf 1108.0060553299754 1392.3575858124032 1178.7939499016095 1505.3413964894191
mark 2091.9313762922934 36.56025140935724 2148.6819017453304 104.61679682455772
tag 1802.688387992687 1716.6739291356614 2114.5742807029783 1852.001062440478
scale 149.94339861188618 378.44236389664576 894.2071826906133 1824.2425178969202
