leaf 366.55564868898324 377.63147956280665 583.8516492341695 728.3384452378453
leaf 674.2726229330651 314.19198948883815 980.1912850975095 727.5274337264132
leaf 1076.8191964285716 333.16574178648386 1444.1792125271677 768.3093453399406
leaf 1597.60701573881 312.8772275309917 2096.705669661214 823.5675008474302
leaf 312.557174338434 1036.4630461133215 707.1471011513158 1511.2788096025954
leaf 921.9526417667705 1081.553861759911 1129.0712697882402 1377.3615670952915
leaf 1315.4422570709 1171.435353933287 1475.7767797484435 1373.3384311140076
leaf 1687.7363712626293 1170.4436230620076 1772.8878605204418 1290.2176997917743
mark 2087.8461771800107 34.11716984520274 2149.711471672345 97.64161455138655
tag 1741.035827177808 1703.503417590433 2050.2086021021796 1830.1323665902635
scale 163.12016330805042 379.49259646076797 913.094167150053 1825.538203215796
