leaf 365.47694270772143 384.7764146942454 573.0120574262805 725.4346388983972
leaf 654.3767209160596 363.49821613744365 972.7522495814732 751.6582629016995
leaf 1081.2668649773848 306.98520841303565 1502.347710401492 808.1637900440965
leaf 1694.2939150243772 293.7736130547278 2097.237436394942 790.2371458073253
leaf 292.18753900743064 929.5198773256283 727.6258104367363 1403.4101833068219
leaf 895.2648466870301 963.5892371738081 1235.1078027710878 1403.3554102317576
leaf 1388.3691291522262 1115.1678900964482 1618.8186714344454 1382.7751880134506
leaf 1765.3979859316257 1125.7385864257812 1964.4430358427805 1331.5380192392881
leaf 2047.3984613633693 1191.6830865918976 2169.746164881197 1346.6082222535438
mark 2086.85564772527 35.913386708682346 2151.3847041309327 107.30717389608168
tag 1520.60420215578 1804.6668273296555 1836.4457691163943 1912.3055558352128
scale 166.4965476129288 384.36270047217306 905.0797013591106 1823.2848548495895
