leaf 301.55304138642504 277.8662835743802 573.685727685914 664.6348987926137
leaf 688.0020880448192 266.9092644305269 1022.4545453293881 684.7187419292356
leaf 1195.2864081590697 229.47860843879135 1653.5289995007051 739.2681672908059
leaf 1732.3916130352738 307.59303573734513 2192.9849624060153 831.4296410931047
leaf 286.0153400163005 985.4514059271695 783.4268835541002 1548.3740799328514
leaf 840.3392494603207 960.7810159478306 1285.7002568065673 1460.8791080191118
leaf 1371.8818249236374 972.9855371900827 1680.38586288108 1384.9291871126034
leaf 1764.2706197867717 1075.9282307270148 1938.6654135338347 1347.0930357373454
leaf 2027.2985082640685 1126.8297230113637 2145.9234889898084 1306.0810546875
leaf 982.6087132504113 1587.6608624418907 1051.2346636549871 1685.6407500968494
leaf 1334.515001798931 1584.6429090263432 1395.3415655838817 1665.051753777118
mark 2088.3790292381345 44.70516690340909 2148.8895461003585 105.85310805139463
tag 1706.906322049019 1729.491453060434 2015.7528714058094 1848.5509991606407
scale 168.28913363119713 383.56176959581614 910.4202371468222 1837.013320796746
