leaf 392.7689672484434 369.7833161157025 581.3156398687148 617.2340138332904
leaf 688.0275346569549 321.79439929300105 988.4278445136279 673.7070635330579
leaf 1189.745153900376 281.95784639721074 1615.7631734977092 720.0964980952997
leaf 1720.004711179805 285.12859149018595 2151.2891616247653 814.5841679848916
leaf 301.33343712369305 849.5440986570248 720.5834212912653 1310.4959969008264
leaf 808.6434583162007 803.1188177944216 1208.8357112569022 1321.2712422520663
leaf 1315.2890684658423 913.8363450736055 1573.5039847237722 1287.9290983341944
leaf 1729.7426207119363 980.026157347624 1955.9222880198545 1301.048844266529
leaf 805.4641585959528 1379.6910511363637 939.290436479382 1562.9975908768079
leaf 1203.38657373414 1512.315498288998 1274.6437038335584 1600.915858245093
mark 2086.443559919085 42.018728208935954 2156.445154175723 101.85637267561984
tag 1773.7932509802338 1740.294917839618 2076.190102025082 1867.3670018724176
scale 149.7489864951686 377.63874047649796 891.4564039187323 1823.4850287319216
