leaf 406.0038493450423 220.84401671354436 595.25584973787 542.5943901125065
leaf 648.2722920582706 205.82908043979614 961.9541346040883 577.8133962331725
leaf 1130.0936751975153 123.60089111328125 1497.027759982231 607.1666678436532
leaf 1669.9436434408774 132.7223238353887 2085.506263675546 619.4082503515826
leaf 451.9432515309269 933.5340564822363 845.2833775111607 1363.6737190435742
leaf 1017.7631578947368 969.2054824198576 1296.0902255639096 1328.7783046753939
leaf 1357.5057088522085 1041.9806589173877 1556.482807819108 1290.4144229100757
leaf 1671.836127948044 1074.8323225541549 1784.751834725975 1229.9276178533382
leaf 1891.5225449182035 1123.0472400759863 1954.7001888877464 1221.5705311672748
mark 2089.486971977062 43.19785056626501 2142.9745070378585 103.23540578794874
tag 1789.312661536654 1773.4258332055463 2110.579147912506 1896.534489529192
scale 175.70035088331178 384.14271797621547 916.2348123421345 1816.499547280556
