leaf 477.3666955474624 295.0881345134136 698.9128638246005 623.0253510908647
leaf 732.8407962196752 265.7118909851579 1064.3822420736901 636.2722963695684
leaf 1128.0550438443522 278.62626685780924 1541.6858584755346 748.54353099224
leaf 1673.0558097667265 259.3982865514834 2115.9767134817025 753.1102240065898
leaf 262.48682294573103 929.8210732956563 724.6929036764275 1432.1753640923619
leaf 787.1346447019649 914.8428594415838 1100.747369522439 1346.3170079002696
leaf 1222.2433997132725 991.3312792817422 1483.3183180730148 1290.6841872033992
leaf 1635.2057788820196 1019.066423148163 1825.7668603882755 1240.2590345902877
leaf 1929.9049340728532 1004.4710138494318 2091.395686099404 1225.8236147037221
mark 2087.981781694226 37.13331364403086 2156.3677147886806 97.54165296318118
leaf 1024.2247353460557 1533.715226228572 1107.031375053234 1628.742578175442
tag 1661.5311481217693 1718.1433390467619 1983.676853495433 1833.538182534462
scale 152.8288153167954 376.80342625389414 894.5792865036126 1819.6610722817663
