leaf 416.654965967164 282.8475581397695 668.5972836143092 618.1579615064888
leaf 774.4630282982847 255.91758437984248 1135.0926082295582 614.8563212244965
leaf 1332.069073440437 207.2608885962116 1735.676494397615 645.2603463417242
leaf 225.01208083073894 753.4814422859633 699.4561997033599 1280.9728090901021
leaf 854.4690216752819 662.7199260617091 1256.4148086892033 1182.9438161298262
leaf 1357.9206744889566 835.8217908370593 1534.5398316347507 1081.2195003288837
leaf 1732.779077515566 866.0013634547715 1892.6891860388273 1104.9195975311532
leaf 647.3291841664708 1367.4007633934336 855.188791375411 1709.0871955304106
leaf 983.0709311119596 1354.722505427589 1173.1247705445253 1661.637377273938
leaf 1250.0066679760926 1495.3783871989606 1357.7347467178688 1650.7015527141982
leaf 1568.4876956796286 1524.48239463617 1660.2142701113132 1641.0623103370353
mark 2091.9502705738955 39.54346623696572 2153.8499553938555 99.00747352789257
tag 1658.891890676398 1683.1102542089038 1960.9323188953829 1809.5869473544035
scale 169.40414084527725 378.4434554675394 905.5792924694549 1827.963295928703
