leaf 397.22765195459357 387.13351069184927 635.5981784906603 716.2215148296553
leaf 801.6279595167118 327.69193505356 1127.7178441097863 749.2560629933151
leaf 1214.2032351386279 331.9696176430614 1647.6904163790825 771.9069031390948
leaf 1714.6015037593986 242.72488610965695 2153.9450752430394 763.0190196872989
leaf 223.06887817382815 935.756424296271 707.1032402784306 1479.779417183473
leaf 748.1563936391271 997.2674819788982 1158.960222975652 1446.3044726814192
leaf 1236.4781434482202 1007.2097783354141 1538.7833008730322 1403.7373109797843
leaf 1665.5445831987197 986.5675008557507 1911.4271189754172 1322.3820196721972
leaf 1080.1925870278726 1469.8107224297278 1234.2296716216813 1665.9536059822003
leaf 1337.5328800516918 1493.6162386235503 1464.079272277373 1642.1260065137726
leaf 1721.9164034047524 1441.3392895256122 1809.0368124596162 1537.2796953024324
mark 2096.9143603332063 37.70706447326031 2151.6132890514864 104.43040953960616
tag 1677.5057827368717 1845.0804380436534 1989.2020947449191 2007.9199666760633
scale 170.94482054746243 381.64810142910363 914.5524530625883 1817.6344813396024
