leaf 325.94172827177294 266.2759112050097 613.350439337692 638.3504301434825
leaf 732.9798216402671 218.2893854875973 1134.9555539972112 680.8082251641537
leaf 1345.6917081792303 202.53958497993676 1814.5869595863576 738.5329295355058
leaf 279.9648091561969 820.6592974829766 713.301474821483 1339.6764424246107
leaf 813.179067553076 891.2146309581713 1218.9996078166555 1362.9305462670234
leaf 1363.2625673262503 903.29261536357 1600.8902641999805 1266.133032891537
leaf 427.0004720484956 1395.6988387645915 600.1560497599571 1629.4299686892025
leaf 797.8418260218122 1451.6972960238327 871.9139506743591 1568.9550629255837
mark 2090.315000060602 35.21753974647373 2147.973148571402 104.46049291707199
tag 1785.6843627496812 1780.0698261186772 2104.759433178191 1903.9615910749028
scale 169.86981284139284 385.9025299428502 910.9058254232925 1818.3721957076848
