leaf 358.9121688039679 237.96630052298556 598.4276861893503 589.018780668905
leaf 654.7721105589902 261.92866251291326 1022.5460195899905 670.0607829448606
leaf 1121.9381920377114 152.35542032541323 1518.2693079898231 646.9444953350982
leaf 1620.3719450298108 171.2565897791839 2028.7072730960701 674.7260136880166
leaf 239.63165111111516 793.7559421003358 685.4680077115395 1323.6960792226241
leaf 770.1983608159803 921.8628656056302 1096.3974125223947 1328.526940211777
leaf 1219.8030916371738 925.9076502776344 1493.074134310385 1254.3680631779444
leaf 1574.2203515992128 1036.8875419679753 1755.8255452320986 1274.3644515108472
leaf 1906.5229040160214 1095.6304760136882 2017.418668359742 1236.3561870480373
mark 2093.3284489911302 35.375722333419425 2150.5938112646118 101.6855307334711
tag 1698.427531306905 1749.4858075606924 2010.9863338613868 1875.8958790676654
scale 172.82985486482318 387.55049675555273 913.6776400688 1825.6378405862606
