leaf 306.03649730252147 297.3218858506944 561.5799035093838 670.9530888310185
leaf 589.6203007518799 180.80067274305554 953.0288365873181 626.3703703703703
leaf 998.7837336260574 161.72866030092592 1444.6707047770794 667.8928674768518
leaf 1579.7222222222222 197.00121166087962 2018.0702432044468 699.0228407118054
leaf 271.20078570143625 1016.5259331597222 725.4845179507608 1535.151294849537
leaf 830.4511278195489 1016.2962962962961 1188.2927418185361 1502.4020905671296
leaf 1266.6513609922026 1103.4676649305554 1565.40037593985 1472.1399016203702
leaf 1608.5454140569932 1110.6937572337963 1846.8094659102592 1422.6986038773148
leaf 1889.5895596841226 1192.0178674768517 2025.8364615763041 1374.6189236111109
leaf 678.3707101004464 1553.438187210648 762.0367351331209 1654.9189453125
mark 2088.7533732249326 37.71665219907407 2150.714840308168 100.16876446759258
tag 1843.8985279054573 1791.7377025462963 2161.239936541794 1911.1103877314815
scale 158.99256495425578 379.92786096643516 900.0708505730881 1819.8045428240741
