leaf 355.19629223690526 281.1255217316863 569.4296812954806 590.9608874036121
leaf 679.4741244124461 166.6389646059507 1010.9574468085107 577.47012987013
leaf 1202.8225974946438 128.30660939402395 1594.4479745274175 597.2214345956778
leaf 1716.2765957446807 125.50020807439631 2121.9055796233188 629.7298701298702
leaf 375.8424803100297 813.8616456663455 757.212565897768 1249.4675847833807
leaf 942.9325935237514 832.4412209250711 1196.3368271992279 1209.5574935318589
leaf 1302.1818942888408 1033.9073200968953 1441.2381933766899 1198.2114777800325
leaf 1531.4570152336823 1071.0045907949473 1630.9980755889387 1192.7097557959619
mark 2086.070734118739 36.91406337193081 2142.0335023848443 100.873395568055
tag 1820.4484814222258 1787.534144810268 2131.20485851387 1913.040612634436
scale 176.82309991642657 386.46905644404427 913.1166729577608 1817.0878189681414
