leaf 354.616708396969 327.0762377021726 586.7632999276757 640.1619055881972
leaf 637.2927406311035 275.66553684846133 1013.4639828152126 704.6250613147065
leaf 1123.4678941514758 234.73242140908278 1543.4758019341364 720.4431377847686
leaf 1604.7716817220053 241.5548419049678 2088.029493543837 780.1949147930582
leaf 375.3052882724338 907.1813051645992 649.9899586995443 1246.9574762941315
leaf 802.2125 887.3205978277072 1183.3474065144856 1334.467175572519
leaf 1228.5179481596529 1006.1550116997261 1402.571682833047 1249.146220259233
leaf 1512.4166544740644 1057.9045984045251 1599.6377459586934 1191.527532879718
leaf 1760.347890506681 1066.149181019176 1807.3678563616236 1149.6694018871751
mark 2085.990020246934 33.255669571517345 2148.6172095765455 98.48547771503398
tag 1813.7201754522662 1794.290909090909 2131.185412684231 1949.14008376877
scale 160.82214474508947 382.84635081105415 905.9343897321264 1822.2690735655945
