leaf 363.2139415310738 360.58061625794596 591.7307551104323 651.344722202846
leaf 669.7610726033835 284.6117599202979 1016.9847990337171 675.0066816436578
leaf 1122.7503028812264 292.1440975592003 1552.6761997767856 751.4369766519676
leaf 1643.6939431097273 215.41758130944294 2058.0219120800048 723.8407056346443
leaf 264.3308784656955 954.5497387240392 666.9695540119831 1421.0624541288578
leaf 748.2566431949012 977.1846537145768 1052.4284410978617 1401.313438652465
leaf 1185.5737084410243 1048.1383534307065 1399.578947368421 1331.2230922154017
leaf 1471.9555498854559 1051.5762495905717 1636.1192158863958 1276.5306540542508
leaf 1749.6308024700422 1062.1580507266594 1876.510661419173 1221.0125103115295
leaf 2006.9396642240365 1120.9164402173913 2079.0213522086465 1216.6415617569633
mark 2092.332675560973 28.889265925247475 2153.6179492921756 98.837670367697
tag 1793.6178134545348 1747.930701972535 2086.4974356056155 1888.1141929863402
scale 159.0074921801574 388.79489457977485 912.3359026227679 1822.4571173057793
