leaf 361.21940348919173 147.5108484338831 663.7109310752467 531.5114478593991
leaf 681.1665259339755 109.50726431387443 1070.1990227950246 540.6031139986014
leaf 1145.8143223353795 151.13216955867816 1614.2452089696899 635.0791590184342
leaf 1678.1361639266624 160.17643455222802 2130.4034891917295 655.2923979582611
leaf 365.79636641194054 797.665973427855 670.6432265661713 1177.4454692322531
leaf 765.2427239668997 761.770792266469 1173.1411339322428 1225.7895816755886
leaf 1260.2295493219133 820.4703485936295 1467.4159148940466 1117.6120775010852
leaf 1523.3792637416295 908.0479468828366 1699.7802523275964 1123.8252932701582
leaf 1840.5168704843163 999.250531985436 1937.765137636572 1131.5303178952065
mark 2082.9106431545174 41.20436228057485 2141.284170279826 103.78904290846836
tag 1655.6094892688263 1764.0261776771076 1976.7546239867247 1914.3785667890386
scale 169.81621775232762 383.61886219919467 916.0846009218603 1812.7234602563176
