leaf 296.8870395092254 388.28920573445106 477.9742418654422 660.8127793349229
leaf 583.9533808282081 316.96272638494315 808.8392710584275 694.2926270323915
leaf 1055.3679783597906 261.4546738661728 1384.886001911569 693.12987012987
leaf 1686.4556949696644 176.96977265593293 2061.465867062833 669.4085756772524
leaf 297.2156047415226 769.0622780539773 812.5244088680187 1324.296060141031
leaf 929.4613660447142 749.3314899395039 1361.942660717254 1291.2299262505073
leaf 1440.934566416639 818.2652459478998 1792.5696463077627 1203.8881807401583
leaf 1867.5376262258976 830.5396868024553 2156.961586810173 1172.7537223518668
leaf 495.8172347697806 1415.9918980189732 689.5295202376994 1662.3121337890625
leaf 924.6237741023937 1449.0334469485592 1063.38228655876 1640.3507393973214
leaf 1351.0795625727228 1485.4670819171063 1445.232110206117 1643.618623490767
leaf 1686.8826540683178 1487.8465549221287 1782.2090596949802 1627.2475937880479
mark 2091.6195938435008 34.615345625443894 2146.9813180477063 98.81948995218649
tag 1781.7744335418054 1836.4976995294744 2109.469295420545 1961.5291480126318
scale 166.6201892609292 380.45618175159797 908.5962758165725 1820.2574171190138
