leaf 362.69542014119753 324.17718196720267 595.6723520265402 650.8073290143693
leaf 685.1479269979129 341.63516267058134 1028.2743771239657 711.8493470427277
leaf 1164.3517974059914 282.19306783304586 1568.6796009253103 732.0847701035536
leaf 1706.6616072417994 293.0523046716467 2144.650526835845 804.237356963715
leaf 330.3499120978317 922.8469520469764 785.542856780068 1419.9239177753398
leaf 955.3026564577792 984.9246753246753 1315.564865220523 1440.5070807122565
leaf 1439.1677505817818 1031.825111844942 1738.4670589077273 1391.8911274699421
leaf 1839.528585808215 1085.9385527375455 2062.3609951010267 1355.7253809544945
leaf 565.642627472573 1557.49876605938 685.626191844895 1714.3000321821733
leaf 838.3943598321143 1575.2835423060824 903.6936987477836 1662.6199710201906
mark 2089.5257669363177 39.32226530793425 2145.28394997599 106.60157758043957
tag 1726.174940898345 1807.2425073400716 2046.8239024637996 1922.698701298701
scale 164.98010888787306 376.4846138297737 907.3146984199541 1827.0313844358766
