leaf 445.7166389844096 238.14370968988123 628.2888547928902 559.377115410435
leaf 747.6436250655081 191.16718419887675 1058.769555346622 561.0918441356852
leaf 1128.8093535871933 231.0781778813027 1518.868280938331 691.7680166519106
leaf 1656.6123978995824 187.10194864038056 2101.067817273151 701.1102464332037
leaf 298.1513899855016 914.6903354036206 731.9620008896992 1390.7395226148317
leaf 798.5357003719248 908.5830813159275 1153.4007012116992 1375.2009411921917
leaf 1245.3283555051114 970.6705838412472 1507.0403256968684 1303.9024601205315
leaf 1620.7638729447167 1035.5891691175725 1767.6377222949448 1248.4617468689203
leaf 1896.4834515366429 1089.742598359223 1994.7830628740026 1232.1750972762648
leaf 604.9786042197658 1517.9400123368596 662.4611287579187 1602.172647953652
mark 2091.469967167992 35.18614881542715 2146.6665062149086 101.82848434349287
tag 1831.881290805537 1804.6043656048607 2161.4917240368277 1939.9531299873083
scale 163.58686521994588 382.16351825006586 908.4453335665078 1820.6114277128424
