leaf 388.9720715822621 387.3572829032532 625.4204511349365 712.3834820659554
leaf 719.5652662056276 255.80985447033834 1109.6459020159205 703.1262781759181
leaf 1203.520139004322 258.2783197583546 1573.4864741476433 647.0269934905333
leaf 1616.0394457372931 192.96350584512555 2085.8697596340317 736.0560474123627
leaf 245.0134405762873 878.7570365381303 695.6236940208056 1414.3867797851562
leaf 764.694035811909 955.7354068187115 1164.3554976082298 1435.4580318782425
leaf 1258.6759370844416 1020.8767359791717 1585.1254011293959 1434.9884334816543
leaf 1738.7253412197103 1032.353075712726 2005.9190829662566 1349.4584544536824
leaf 972.7664266816267 1511.4706996418004 1105.276756196439 1690.6749405322835
leaf 1290.7495336510046 1520.871130244432 1366.9619080022717 1638.7604465905176
mark 2089.6102961546985 39.69268072501849 2148.9277782395093 97.5093686589935
tag 1755.454104448323 1698.9795350941858 2075.918454722592 1827.9158303821134
scale 161.21682082733082 384.51143039648946 896.4434592244754 1827.219017256404
