leaf 349.5879297279015 257.70847564300936 551.9554268045628 570.9694794097504
leaf 695.4171006222988 213.4082663796165 992.823980525312 607.6424427379262
leaf 1146.8056190436614 150.27179224584012 1564.6948739991967 591.3637441659903
leaf 1671.4165516666203 194.13369941216013 2073.175884995336 685.0249909636264
leaf 460.94633206126247 968.5563299005682 759.9809524860788 1314.3324675324675
leaf 882.2602357255652 851.8337662337663 1265.9412696062814 1309.0092082234173
leaf 1298.267759498975 1006.7387302150975 1493.0294879164821 1234.756136173397
leaf 1643.2774796722629 1026.2806323559255 1744.9316211456949 1178.4571428571428
leaf 1853.369688931368 1096.4818521078532 1909.522830611425 1171.6650352577112
mark 2082.8956117021276 34.251038231787746 2144.5986007798647 104.45791966822242
tag 1787.048948752401 1736.7952446479303 2108.020119092143 1903.9761759968549
scale 174.738080541011 383.77114416345376 915.6379248797189 1818.8660663555197
