leaf 347.7028008499326 301.43288352272725 574.762823406968 629.1792613636363
leaf 649.3881696335812 246.1153231534091 1018.9285343251329 687.0945490056819
leaf 1126.436270495115 260.6437233664773 1557.4608667973368 723.8409002130682
leaf 1660.1310632583943 236.54555220170454 2050.3890962352707 783.1541281960226
leaf 368.4465169342979 910.0367897727273 652.5781461025806 1323.2905184659091
leaf 776.4204890113632 916.3636363636364 1007.3072208918578 1269.439932528409
leaf 1163.8073514032026 992.290909090909 1392.8841607565012 1310.706818181818
leaf 1479.9905575871749 1030.8477272727273 1656.1350432411716 1333.7416725852272
leaf 1845.5575143079104 1080.8017223011361 1979.3617021276596 1286.3125355113634
leaf 502.1861445650141 1443.6918856534091 628.1102339652131 1606.709659090909
leaf 808.3712306823008 1515.6636008522728 868.3502031330803 1614.9248757102273
leaf 943.5051346727015 1535.961700994318 996.544046604887 1625.2998046875
leaf 1117.694437374178 1538.0378373579545 1173.324226397431 1651.300568181818
mark 2090.6708189330766 41.347025923295455 2146.347270271175 104.816162109375
tag 1706.8125543977633 1731.6845348011364 2025.5906327340056 1844.8497869318182
scale 170.6448045013644 389.2730113636364 908.4805929125341 1834.050106534091
