leaf 426.6507549962253 357.05548285449726 555.300246146272 547.5326011934428
leaf 651.1766360307698 277.27870043818814 860.3754116626496 585.6432077674667
leaf 978.6887139214409 207.3616559517816 1277.2908939875608 581.7625747048176
leaf 1413.2210408384353 158.62142351377813 1862.0346018834034 683.8166911466134
leaf 301.53638359051786 703.5689518982882 713.6098250440953 1184.3126806545752
leaf 832.8778421027722 791.9088775160399 1244.437304341201 1267.6151121465653
leaf 1405.706562808783 777.343632278047 1746.4622036548371 1184.5307161005048
leaf 357.7105859346142 1308.1598377919568 614.7233607876103 1636.9073171665013
leaf 980.0091691975334 1390.0001585965329 1189.046808842508 1662.2984201698105
leaf 1262.5663766703144 1501.4127701675336 1348.262698054032 1621.4963490382377
mark 2079.780431508454 34.56343246618083 2143.6143253407577 104.02841148969422
tag 1711.6565120327275 1759.0601638240516 2029.701213791579 1895.25099190035
scale 174.99734396066506 380.5891466684292 915.2118031747515 1818.9468616228646
