leaf 357.59884246754024 341.7042490972845 584.0306851001495 647.1188826380685
leaf 692.7791991898918 259.41098066228 1038.6572984194925 651.8336361483459
leaf 1171.4056048742705 261.5322356740064 1590.2166313730515 722.2497648515167
leaf 1741.1365223697455 282.4044856303985 2179.6895587461213 784.5301352529514
leaf 362.0160037642675 974.9061113777808 801.756220247165 1449.5562636712384
leaf 930.658952861813 973.1760455234732 1264.4004197718123 1408.1130970304607
leaf 1342.1654373060726 1048.7614080834421 1641.2095293626717 1420.049127173393
leaf 1800.5193705096594 1015.5795419387122 2002.7352352638336 1315.0283207899588
leaf 825.490541282275 1473.9351335547894 940.1392716933085 1632.9253210592458
leaf 1317.1477648146608 1530.935290479598 1381.3771049192892 1635.1930819714087
mark 2093.5936380300677 40.16366043986056 2150.331213984929 104.66182291958447
tag 1734.3043560632295 1774.6094090587314 2056.999879372599 1895.6362451108216
scale 170.41371158392434 381.10193412213783 900.4955530910627 1823.075897336162
