leaf 312.6899583604601 363.4638576878648 538.0254686143663 731.8428239043121
leaf 650.3729705810547 359.46480931382234 994.8621792263455 773.2729331881155
leaf 1100.5638902452258 356.3360061348644 1485.683814154731 818.1493632394515
leaf 1555.893283420139 373.7252931112445 2025.9149576822917 899.4662152598339
leaf 347.82329983181427 1071.3156581537269 705.6011420355903 1579.3670659046693
leaf 852.1465657552084 1073.256300158074 1198.5 1506.6323517676922
leaf 1263.7135518391926 1136.4203887820709 1532.5179104275173 1460.5372437948383
leaf 1592.1818949381511 1192.8443399273467 1767.7222222222224 1421.6142884488236
leaf 1806.3103773328994 1256.9001868578248 1936.242160373264 1397.7081222831046
leaf 2023.9979010687935 1274.1167315175098 2088.551503499349 1365.3524027427347
mark 2083.5152655707466 40.45464903835193 2139.843804253472 102.29237466656281
tag 1767.7372029622395 1787.4165416673 2079.744740804036 1910.0280500478782
scale 168.23841179741754 383.26309120979755 908.5069783528645 1821.1742786452
