leaf 384.5807326296543 382.5095049176897 618.3759798090509 724.7041438907771
leaf 633.8130350315824 319.41802962662337 989.6678700548537 721.6918476055195
leaf 1091.379015334109 314.14040479783887 1520.6321605925864 782.2022212833554
leaf 1639.1561980551862 241.01818562297078 2123.1204859956783 780.6991063501928
leaf 287.5560744265293 907.2114794446276 754.6379875020779 1405.146098823052
leaf 871.8338674991691 938.0398231407263 1211.6808510638298 1369.2140609146713
leaf 1299.1335111577462 1005.868453226461 1600.448913574219 1332.7805855887277
leaf 1694.2570826753658 1055.170878462358 1843.8927495428857 1280.9971546519887
leaf 669.3736325527759 1463.2247165432223 779.6031948657746 1605.5856889204545
mark 2092.1315294630986 41.200523198115356 2150.7541477933846 104.07344776500355
tag 1655.121082062417 1785.7608855012174 1955.5897541451961 1909.4372875659496
scale 156.16088932118518 379.1099954976664 892.6264401699635 1831.2658921278917
