leaf 391.64913074682795 266.37016819545204 593.1097197837018 573.356784929548
leaf 686.9893723075272 229.02436915806362 1027.0076930269283 625.9808532714844
leaf 1126.285135255638 227.72456621442524 1610.448160807292 703.5086896623884
leaf 1658.5302658622147 210.58159986223492 2094.115417264032 725.7232570103237
leaf 395.2594080715315 940.195210484096 799.131288785461 1430.6311575753348
leaf 956.9440987228502 1068.1621346609934 1182.5530133619377 1363.6874764578683
leaf 1370.5308524057375 1064.0142857142857 1572.4529150563776 1329.2359967912946
leaf 1826.420045243933 1116.9301156180245 1939.0647494268756 1255.5652849469866
mark 2087.175607018437 35.397251456124444 2149.579505000554 102.98875972202848
tag 1682.383490812694 1786.0749258858816 1995.971321051848 1915.1195408412386
scale 163.13387347282247 379.6225603376116 909.4131140742743 1818.6339843750002
