leaf 536.1096590732006 332.166810590052 695.3299535295923 650.3684409430496
leaf 796.9668993217161 351.39368326611265 1032.3055771992279 679.5323634749116
leaf 1110.5447797482177 260.7583555065299 1429.1597153683927 681.7446668845624
leaf 1596.2862019279605 213.98913935350038 2026.6243277475342 702.9445844434483
leaf 350.11652776479156 896.1628435430042 735.7480545945764 1392.3639593831274
leaf 879.5952642634686 883.3404060830065 1236.6471028790124 1308.094839743427
leaf 1410.8755035761117 1014.6527958387516 1685.9527774026205 1332.6746231694215
leaf 1784.3880981733894 1064.9950882969968 1929.5502524229369 1260.2311634713558
leaf 2011.1229576309238 1138.088169211994 2082.13571267996 1224.1585113168228
mark 2089.4576357577707 38.519944467532156 2148.706298828125 100.97368231923434
tag 1767.2511898969644 1734.415706480743 2079.662607828776 1857.7246670766367
scale 182.72844131505798 381.6727356830096 913.8187884968786 1816.5771484375
