leaf 328.72025917720566 271.68865768630786 534.0246033724882 617.6449501731179
leaf 662.7802854136654 247.20888529195415 1007.5587225298509 650.4558951637962
leaf 1151.0791119514627 256.8656695477374 1561.666885123467 732.2595272311917
leaf 1657.8420850244254 218.42912064589464 2130.5796696367556 787.900956587358
leaf 303.69200700620104 885.2251620602299 837.1653107627345 1426.0535559716163
leaf 902.9668235688627 957.7792207792209 1326.2304964539007 1479.118431983056
leaf 1436.324534819763 1020.1563609730114 1764.3208240842705 1437.0537608753552
leaf 1878.1409645170747 1007.5000000000001 2146.008075975639 1338.295812037084
leaf 781.3536088370826 1548.292376629718 911.248930802582 1729.797594342913
leaf 1345.9484384956088 1535.1396000849736 1408.5272514036642 1647.304442963043
mark 2091.8545836680887 43.23918587820871 2147.9868791729 104.52259063720703
tag 1791.9544578894936 1705.8305291510248 2112.164697813931 1839.9940248960024
scale 169.03935093800789 385.4451289981991 893.9985055765642 1817.663469983386
