leaf 406.07160304004134 336.39813327789307 619.5892815916814 645.54425350825
leaf 751.9802658766438 274.82409024238586 1084.2620405192633 677.1049570242565
leaf 1152.3294335764351 149.47652248541516 1604.8197947833555 690.5709052085876
leaf 1733.512742639997 230.0130371252696 2187.586810750037 802.1934303442638
leaf 290.46091910287845 888.1202696959178 730.4937301166797 1459.0012292861938
leaf 825.0629708220209 884.1364976565044 1227.2043500318596 1410.4745818773906
leaf 1361.8874448230645 976.2025346755981 1640.5497715005356 1355.7786458333335
leaf 1715.8932232507295 996.5104166666669 1949.2329211223773 1295.319169044495
leaf 1995.1513002364065 1054.2266535758972 2164.3613497686724 1284.3149981498718
leaf 836.8779651831228 1535.2288533846538 920.3422153193336 1639.7098155021667
mark 2094.3482870909056 40.1180225610733 2149.527919183104 97.1161977450053
tag 1682.3098998734854 1757.366299947103 1995.5686294880318 1872.6473585764568
scale 154.22924155377328 379.9217571417491 897.6587383008736 1817.6271443367007
