leaf 311.9679910285535 279.13912094195274 540.2961555643285 562.2971871331565
leaf 614.4444444444445 162.47040874105662 969.6002402159056 580.3056994818653
leaf 1082.4508498171542 140.60273572694453 1495.9405990853095 606.6142352010302
leaf 1719.7684381002512 194.17552319462436 2175.4321421810355 767.6102462531371
leaf 252.19696549940898 835.1127314592272 736.9195268058326 1376.3424448596381
leaf 904.6713947990544 952.9452067162705 1228.888888888889 1402.553657966574
leaf 1308.4074066378546 1024.45961717991 1604.464991504137 1408.9327563350064
leaf 1707.6284110427748 1094.0071536049325 1886.713598805962 1333.655151683432
leaf 818.9994000374003 1481.0716269695697 901.8416156453162 1611.9598508844722
leaf 1191.2023331301714 1498.6080448763357 1242.4289640241764 1581.2031931506535
mark 2085.118269106457 37.95988717350935 2146.843904102948 108.54534532616177
tag 1686.7601462650525 1691.5059295812418 2011.9164848598184 1901.2310534857716
scale 170.69710762619127 387.02418818498523 914.3603403077904 1837.0483861735447
