leaf 675.8693726090956 226.35679235112482 787.6035657661745 480.79649317449855
leaf 967.9749222703578 232.90061081011677 1150.5800502768082 536.3844997030466
leaf 1260.4475658227366 198.18694149274282 1590.5125026838155 622.6774664369889
leaf 1728.362269552605 249.407078836866 2116.153377596086 726.748020389537
leaf 352.3858536163402 803.5985580997764 685.2188424184812 1272.1505523839762
leaf 877.6021543101498 815.3134372691417 1239.423937064818 1293.5645855523144
leaf 1344.653060877013 856.131832142568 1639.9865050980948 1241.2047980115822
leaf 1807.270817100579 916.2615528007863 2010.568862951112 1187.6124438350064
leaf 462.5422834391853 1432.0585893225793 515.9923004078245 1518.6199105218284
mark 2084.655909689324 38.08383180687464 2140.7091008179577 106.41218363312241
tag 1820.6067307203937 1756.9311017446566 2140.244481440695 1927.9330349462637
scale 178.44361599680943 385.93832737423594 910.4810607765864 1810.98959137121
