leaf 348.31765931041525 301.74815388468954 602.9349798107824 677.5976721032873
leaf 689.9269618401854 287.0919153783229 1060.430000178921 730.4308715423981
leaf 1140.9548689028331 285.8535118598443 1556.2118448748938 759.219780265511
leaf 1635.8592323681985 269.12408348182583 2121.350470215998 803.7139807366707
leaf 246.6239550434951 945.1351583901939 711.403538480718 1432.8720825987978
leaf 856.5556342663775 1001.4498952890372 1215.9942026701942 1455.9312886820212
leaf 1363.1921580790345 1065.0714285714287 1632.8485585025578 1429.2446392108868
leaf 1700.2955082742317 1120.0259740259742 1902.8099060058594 1396.5610724114758
leaf 2010.6109339215793 1188.7694682331828 2120.8520174499945 1339.5774203213778
mark 2089.4220319887704 35.4192829875203 2149.7942095095946 101.29848490132915
tag 1658.443357643506 1801.0538330078125 1978.9717962747486 1924.3062486524707
scale 167.96517085803598 384.8424983829647 909.4548520929143 1820.1092909775773
