leaf 365.2928955222416 310.46449746081055 594.8665306866874 610.6172182953715
leaf 738.3461175291815 287.9668604499807 1060.057050195428 651.0556426327312
leaf 1172.0755300679668 268.6033264080787 1588.4008579840333 690.5327278603504
leaf 1687.9646546564486 266.9658209474561 2123.524604238235 737.6973289618722
leaf 315.1163650404477 852.296735547764 734.1031228284182 1314.2583020511624
leaf 877.9783006311872 866.2235244731135 1202.1720839335844 1266.8187586036554
leaf 1336.4599937637365 912.076155048663 1573.7941152153285 1237.8804372879247
leaf 1698.6965076635915 934.291656454456 1855.806124711995 1157.7443344453532
leaf 670.9844317785673 1376.777633924943 773.454555574602 1532.509134796103
mark 2090.0993653786663 42.10865912666867 2147.1629019662846 100.74255212354723
tag 1861.0207981984383 1838.22376345472 2180.0687828695236 1969.755222672759
scale 160.05205952529366 378.8518502938577 897.5691219537252 1809.7296658479968
