leaf 336.67235300050555 234.38552537811714 540.1210702666153 559.6705146126556
leaf 662.3331627451217 177.1671323071194 985.1808755933251 605.0204508938523
leaf 1024.900472221645 118.04870995349611 1418.1862505829363 586.0374825919184
leaf 1511.9550827423168 125.66499397881455 1994.4121769754036 676.5630720363672
leaf 282.4483716166611 992.4313041004226 711.6063043400469 1487.7220500941098
leaf 860.6111111111111 1041.4812637903037 1194.711291374044 1454.5421530479898
leaf 1331.7062922628777 1099.9536889616772 1567.0577427929456 1390.4714315886936
leaf 1699.7577796016178 1151.642245558604 1824.7303616138213 1343.7651527098026
leaf 660.8887353991786 1537.7951945936943 730.2311468101844 1661.21271076524
mark 2094.7341781868718 39.20240467036899 2149.1383338008363 105.97583176035207
tag 1780.1290571785423 1768.9658231623905 2105.734944517167 1931.9798569734921
scale 170.5846024100662 382.6944310921794 916.4231323530769 1811.8530423848392
