leaf 396.2092660673967 343.06354823317116 635.2965322724472 724.6776100029717
leaf 792.910528304729 330.48733365737263 1110.3822532275044 785.7515763579172
leaf 1165.35898649608 269.9964209111366 1573.1817453803747 770.8340358858146
leaf 1655.9460256590066 316.5547901247816 2117.1500490878493 855.3346886206975
leaf 330.08440501977367 943.6518448332354 748.1766242710412 1440.4421326397921
leaf 911.4051507178774 1084.3406425247888 1182.8115749494405 1452.0140084017394
leaf 1338.5635510167333 1167.5660103548644 1488.0406565564745 1352.4695335358422
leaf 1563.7637614798039 1165.6551610502684 1690.717007251496 1351.8871992530378
leaf 1879.9079284667969 1205.0545590801264 1960.4820580448666 1323.7526047487097
mark 2088.889219676349 36.3794680671047 2151.872246924867 102.99632007216911
tag 1761.9428897073083 1777.1194255615555 2083.26293317646 1906.6215864759429
scale 165.51808404584304 386.6752388387415 909.5720011393229 1812.8540978797546
