leaf 371.5925054782774 211.42869047552233 569.0635748142149 520.4091680534041
leaf 693.9431390529726 138.27111068082496 1021.6607636242378 540.9438308189656
leaf 1100.7435570693597 137.35348715361962 1429.904892339939 599.6990124932651
leaf 1567.9624916634907 78.8105169420498 2018.991073980564 601.6332523740572
leaf 331.2408149533155 816.6898770971773 803.2243711890244 1316.73250559372
leaf 834.704697027439 754.8099551146057 1323.453690691692 1260.575121415529
leaf 1411.0745581650149 774.3505747126436 1812.504692263719 1238.235661883007
leaf 1852.035269388338 835.9904214559386 2167.1499440262955 1210.3528392104809
leaf 658.7766232374238 1325.2567049808429 901.495956793064 1620.8894930433953
leaf 1052.3046875 1485.5653588305945 1165.9288121665397 1621.5883212619358
mark 2087.9316703982468 48.19022518464889 2145.6975038109754 105.61993758979885
tag 1785.0064488852895 1791.9998866991064 2102.055009051067 1937.7913953993054
scale 166.32356373856706 386.8820710748548 907.0868664253048 1834.8106394800645
