leaf 347.2059115632486 293.55130320581895 575.1274316236118 624.3663624730603
leaf 703.6680597710692 216.10614224137933 1061.3299858279345 640.9054418103449
leaf 1110.3461161224684 232.0880926724138 1552.87854663171 721.4200565732759
leaf 1656.8616488254029 221.78739560883622 2096.5310052213767 786.0262661637933
leaf 287.70409029119935 848.6955482219828 726.4812679490146 1318.8366783405172
leaf 790.8373140873393 870.862372036638 1088.3869312033835 1276.3883351293105
leaf 1252.7541412459848 960.901333512931 1485.563802154222 1275.9060479525863
leaf 1626.9350345624864 1107.9230199353449 1721.7038240333052 1247.8117591594828
leaf 1813.707047837952 1166.2321524784484 1879.6095685261052 1268.5998450969828
mark 2094.2435606846825 36.89591190732759 2148.0597444859945 104.56980738146552
tag 1781.453420393143 1793.1682381465519 2107.5061226555695 1914.2685210129312
scale 169.25016928217553 384.9097184806035 913.838331907053 1819.140557650862
