leaf 428.10589089210856 348.51179101001264 632.1225321168268 671.0
leaf 745.8670777643184 309.6842507548716 1052.6385444880364 754.0214263214461
leaf 1224.7960670816774 327.61506459904814 1608.8936165733205 811.4584732932606
leaf 1726.1256201342007 316.2183908045977 2194.88735185683 857.2753615105289
leaf 432.60234925805065 1048.4991672559715 752.4825783972126 1484.2889551623114
leaf 947.4071457494011 1112.645117397966 1191.7256297467063 1447.8647902916218
leaf 1454.7445380978468 1218.0514045803027 1576.0511700035388 1411.640220203619
leaf 1796.831962771532 1322.502320037491 1859.4253199773384 1418.32641005242
mark 2087.850869208678 37.74695104840158 2148.221316453887 99.21684826379534
tag 1621.8528189310214 1782.6294906440821 1930.3799087577581 1898.5644026131465
scale 155.14041435427782 384.154288105581 893.1354514730101 1819.4653197540633
