leaf 369.5607829343151 227.98440867456898 624.7081216951696 595.6878367456897
leaf 752.2899167795215 98.05963766163794 1099.27678762828 553.2257037984914
leaf 1182.2720209314432 108.8264749461207 1645.4032286534325 619.7298289331898
leaf 1723.7368987080113 137.46539938038794 2189.2728437363894 723.3124326508621
leaf 278.05687774764533 917.832098599138 747.064971392163 1445.5429014008623
leaf 682.7032725902385 1418.2345096982758 816.8042374986389 1632.2736058728449
leaf 926.3848898219728 950.0689655172414 1248.9324695972614 1423.3055967133623
leaf 1329.8140777694223 1038.896551724138 1602.129733520933 1388.5217537715516
leaf 1717.0253027939214 1103.8770878232758 1870.2138995127393 1311.5111462823274
mark 2089.475067883003 35.34344692887931 2148.8647779936573 99.61823141163794
tag 1756.6730852824885 1719.9235250538793 2071.539166281032 1838.4836678340516
scale 134.8558310266156 355.92251481681035 902.3007744446863 1795.384967672414
