leaf 330.8571030885916 304.03522412530305 559.6390371289403 609.4946794181035
leaf 604.7665681739302 252.95814251077584 922.6408729686138 655.1716394534056
leaf 1005.7202399383439 181.7578819537985 1462.608754015135 692.2191849631824
leaf 1595.6389032556622 217.51123888739224 2012.2160780637523 750.0588343828573
leaf 296.9792754807954 867.7599718817349 796.758181050264 1349.9056480670797
leaf 889.9998609164036 927.0017275755432 1195.1163285418256 1329.0727072529407
leaf 1374.6724857768947 993.2015268610811 1556.6763894749022 1267.1731399009968
leaf 1740.8767232330003 1044.7715934665723 1872.9543174185405 1222.2009989420571
leaf 1926.142563238377 1099.051724137931 2000.952961672474 1221.063449903466
mark 2092.890996527589 36.64965048603628 2143.152865207154 96.64153421336206
tag 1794.540775950362 1790.9896405099453 2114.863297837952 1920.5967950930542
scale 178.43935232129246 385.4125825728493 913.8560939881861 1821.286151403668
