leaf 403.2464184910578 231.77638156934717 617.9091450229339 562.4981107163703
leaf 749.0292719930721 211.14680147719108 1063.3677710556403 592.0634409586588
leaf 1114.4315787391795 216.89950912300196 1552.7136772767176 671.2419615997665
leaf 1638.7189539467415 183.11879826688218 2096.5173446176773 734.872448800624
leaf 296.1333893566597 749.1647768568719 742.8367790195584 1274.4807097336343
leaf 869.6345025570965 795.0636919394307 1214.7833156253403 1270.1654140428564
leaf 1352.3234552788817 888.701183450633 1635.961396220669 1245.37070508935
leaf 1779.7712819169208 963.1088474317528 1930.8429561176367 1179.0487481478986
leaf 2017.3418987420378 1046.5046316563398 2149.3372464595354 1206.9181111653645
mark 2087.509825171494 38.85095969013784 2152.724605121679 107.96124162345097
tag 1691.5186004107006 1677.8436419607579 2024.8575860531903 1808.544801909348
scale 168.0546309308308 386.30275647393586 916.6415819972235 1813.150545668328
