leaf 418.0754253108327 329.8314375603336 617.4072184811902 630.1186106013156
leaf 741.4681017938807 256.20249921426006 1073.220343081378 651.4484200313173
leaf 1206.5738151098383 142.683908045977 1610.897668074233 651.7183908045977
leaf 1667.5262189592636 184.66024429496676 2144.3120268180396 673.4417408910291
leaf 350.19858287851156 938.6015267207705 749.9497950749947 1380.5884031098465
leaf 859.2832548028501 1044.1118479761583 1147.860844097071 1395.6975869365122
leaf 1239.5136771916514 1093.7775261539152 1458.4262654905951 1368.370989920079
leaf 1636.1897931780134 1185.4774418973375 1747.373299309601 1306.9320440182742
leaf 1896.9249135725174 1231.601489538434 1962.7298075712517 1316.4902333226698
mark 2085.7684825937095 42.221357674434266 2142.962260070163 103.9102677970097
tag 1834.9500062523819 1817.3295614308324 2156.3549770660934 1949.6903237529184
scale 173.00522339717853 383.96351974311915 916.8361229447953 1813.2750570363012
