leaf 375.40422393054496 295.03505063467225 616.2774094638094 665.0401115928051
leaf 720.8380254552754 285.4274551070671 1066.5685918189922 711.5763139597088
leaf 1156.4770327046358 222.7222174504063 1581.7024204373774 699.4059318702946
leaf 1706.02333520763 220.13459745738976 2182.5136712370017 751.751274035948
leaf 346.2433100577431 925.3880373661194 757.4691698027821 1445.4403381931165
leaf 904.9857896545623 985.368188453222 1238.6738272743357 1398.803860549489
leaf 1343.5938584596854 1041.281070745698 1607.0932432168038 1368.3731387194894
leaf 1758.0862511824232 1083.8368624802074 1930.2244605087653 1303.8940172943057
leaf 1034.708295549665 1478.0020273474845 1146.5942925110926 1622.2237679534387
leaf 1399.7219816732904 1516.6489663935529 1453.8994648896858 1592.5874805341032
mark 2093.481864264618 38.236657808205365 2152.0213195588117 108.21079378146287
tag 1822.8902709110273 1814.9665023191026 2139.8850508101727 1940.9727445934288
scale 163.27318410840184 382.7981619315211 902.3412852004844 1823.0323066200854
