leaf 370.29933056640624 415.4174198626634 589.7485087890625 752.9838304569935
leaf 661.6105498046875 368.27969247720785 973.9990947265625 780.9548955558683
leaf 1142.4446533203125 362.75440772514145 1538.5636591796874 849.4211558256502
leaf 1661.14098046875 394.3265371205308 2107.5344296875 905.5559782487437
leaf 316.5061953125 1018.84149910067 683.5273691406251 1497.4509455407651
leaf 831.8271331255443 1071.113365436422 1146.088850174216 1464.6536810279347
leaf 1246.5126585212734 1150.7292619610198 1460.705742919071 1425.9991373230214
leaf 1586.7568438061437 1231.7698622663358 1712.792399868317 1403.929540407612
leaf 1859.8049905491207 1255.89181483477 1932.9518706956392 1373.1590487308429
mark 2091.1110429398273 39.16168359047608 2148.827564624959 105.4269017478972
tag 1679.1020537585746 1705.0113634131421 1990.3876434219837 1863.9844621095622
scale 166.73120106554197 385.8263704146462 907.912927288627 1827.159862883703
