leaf 354.69686411149826 355.5297114005736 589.8770125651611 657.4475699838671
leaf 644.849416593226 256.47744756811665 977.3911396518401 624.8948486794933
leaf 1037.9781591967007 198.19346020554494 1451.7560269558471 653.6064135695507
leaf 1529.032997051598 263.9223716837954 1996.9314285969485 762.5626568475143
leaf 286.2747968613894 955.5406235062142 687.7791056882214 1403.23903187739
leaf 827.3980744790533 956.632282206023 1112.493472640938 1385.88942250239
leaf 1260.0679704087952 1036.1586774020077 1471.7963922480674 1317.965194789675
leaf 1566.6419790447383 1132.795411089866 1685.3122667053437 1283.5614767566922
leaf 1805.1417159768348 1147.2177753047324 1883.8654025938454 1264.0271383544457
mark 2086.128514519137 40.33055426923996 2145.3860044047397 101.1981730999044
tag 1759.8082843208979 1773.3489745160134 2067.1014155477596 1901.5809930688338
scale 168.75872919700703 383.0446866037285 908.9511884629519 1818.546232672084
