leaf 390.22399264345603 154.49731398631693 626.2870942757105 519.442293710508
leaf 731.3483942011923 169.53367810221977 1057.563240503185 599.9447263057556
leaf 1131.6734542580848 163.96264012411493 1542.904677972561 658.9035959626702
leaf 1660.4896189194524 171.48716505353354 2115.1396407815223 700.1712574129123
leaf 286.6253077277739 842.0580032377808 720.4629101902766 1322.1147064150632
leaf 911.0996429762358 903.7807204062351 1209.2197793036803 1279.9061856971873
leaf 1282.2231619698662 1069.0160459441847 1476.160648359239 1340.9929712707635
leaf 1600.6587011888882 1123.1829936682152 1710.3313273253757 1283.2080026776111
leaf 1806.2566883472616 1181.4850237465268 1873.391751279399 1279.515511799041
mark 2086.2520543540395 38.294499180285015 2144.5442183757077 104.42598186077169
tag 1798.1841062751798 1783.7526505362691 2120.7583947796443 1913.3036859632678
scale 165.75606289640953 385.65927094847933 913.8486260071865 1817.1758244297473
