leaf 432.34257278708225 474.6652625468675 658.6767603644928 771.31931166348
leaf 751.0529517197028 424.88812086641445 1094.0057156127505 813.5806330431031
leaf 1121.157299719621 382.6765840431928 1590.9189553078043 857.0254851536358
leaf 1678.6199085621054 376.58497867620696 2124.2876629447273 890.6857299804688
leaf 395.20304418690114 976.8393760083054 789.3739968542438 1435.9596167832442
leaf 864.652201476413 960.2925430210325 1327.341229907312 1478.4462044535358
leaf 1405.5288689909082 1145.5795987131035 1592.3506116700921 1401.5051729337206
leaf 1635.3139508077913 1191.6883365200765 1779.7187557419838 1371.2959511868125
leaf 1827.9738582385128 1194.756854143015 1958.1708150724087 1359.7247491840194
leaf 1994.8220650809162 1245.68068833652 2078.0609756097565 1351.3948395767352
mark 2092.6970969808226 44.11453089522586 2149.507781663423 98.85070870802463
tag 1670.1918670973296 1771.4677463626315 1973.6503053459141 1888.8707935924056
scale 184.94039938258794 396.3619231302469 916.4464413313915 1836.9385573202974
