leaf 372.8494555111131 285.89139933969784 632.940755172889 623.499972288636
leaf 746.5713054377858 247.1159938066855 1082.2641544142666 657.7420107085129
leaf 1174.4595687813044 238.18000828534707 1570.9496411047744 724.3099305602325
leaf 1665.4970345846036 305.40296620336073 2058.6699354856273 796.3121008160471
leaf 369.91007043924895 981.6560984644397 728.0051318444441 1407.9131171566316
leaf 954.5455177652711 1038.4561132672188 1169.3717004862397 1338.9467647157865
leaf 1320.173931055368 1141.3745268021507 1445.2593685774852 1308.415824100889
leaf 1657.7288616326628 1205.8464660644531 1734.9018514280951 1334.1809685367277
mark 2089.003541527725 37.21877806214081 2146.975846240745 95.82526687095906
tag 1856.8147315048589 1807.908122797122 2172.5296541539633 1935.7619972667474
scale 174.92709222986306 383.8061740919091 912.7384177816039 1818.1340602129353
