leaf 281.76451456422177 275.11089362951986 533.0719754421752 617.9107312900353
leaf 683.1109270368304 192.13453107227312 1051.919630735178 608.8876502961491
leaf 1203.4172999152738 201.8620748117966 1623.7519843869093 728.9290205564536
leaf 1698.5543821115527 213.48470929025234 2139.69891187289 673.908396052218
leaf 281.74992503521753 916.5970482369493 737.5421066018348 1412.7481701145684
leaf 858.4883607871026 943.5743331032238 1220.655534378743 1396.9017027639338
leaf 1379.2954839513693 1022.8245669543971 1645.7977039722616 1351.6474775409333
leaf 1769.4176070050496 1078.8497838279754 1949.6486476140572 1316.4530698111232
leaf 673.297821576587 1464.2221078689986 765.313510376402 1614.825481078634
mark 2090.0187418336236 38.71636822579921 2144.7384175689376 103.13485308533885
tag 1791.7645297698443 1787.2067966972731 2109.825674661776 1922.483189374551
scale 168.27821599980265 384.4715819377095 904.2938343008221 1813.7764516077737
