leaf 382.42341895552045 383.0819513536918 590.2052051929646 649.1590601944878
leaf 698.1439942682247 309.41952075335894 1036.3649970396887 669.5692989180963
leaf 1143.6973024162266 286.44786683886156 1538.517012645974 730.0047436382858
leaf 1652.187367083719 327.41566042616364 2050.878209768687 832.9275773939839
leaf 313.9786128133847 788.4871298996821 793.917073638597 1342.3804957413627
leaf 895.0945704656195 893.5268376619482 1252.554884854094 1333.9716904653012
leaf 1334.4450224235084 924.5414814134477 1633.1821699507977 1304.8994984105086
leaf 1743.1801772699123 1023.9921326737945 1933.9085840098949 1227.5309472843692
leaf 590.5316465158496 1436.8162698873862 732.9253044527168 1590.4505045885319
leaf 841.093261931416 1457.7452971299185 943.2449011187935 1577.6535639845251
mark 2088.6851081449395 37.45506969019914 2145.0515853403335 101.89362427460713
tag 1733.6832313670513 1628.8073847618762 2050.562602717702 1778.105575122211
scale 155.10979575977925 383.746406071932 892.1457642877558 1819.49033231241
