leaf 351.2992440997931 299.8639996408046 606.002068602665 664.5580444335938
leaf 688.3057095730346 256.24709182680795 1061.1976577811956 671.3592353908496
leaf 1188.9916362695992 226.78847787206658 1631.6460798841736 750.1844109429254
leaf 1716.5103079234266 226.26961099325013 2182.9890366398085 790.15863259268
leaf 247.95006324688316 850.1970046470906 610.06334789954 1339.2442570828844
leaf 751.3810090918989 889.6667527238985 1198.3868233816963 1434.8615834904813
leaf 1268.5078056946863 995.5266859266494 1586.2385245399607 1402.7973092616292
leaf 1656.3264883220818 1011.5992894665949 1889.4170334447135 1335.8538077051157
leaf 609.4008546623203 1386.7690654184628 763.1818320244447 1611.162119664452
leaf 1207.6754078084168 1431.4949656519398 1277.5412040471201 1537.4145956806753
mark 2094.897954748067 39.85258641736261 2146.4672396457154 91.77219013784125
tag 1772.7861485497876 1672.672738144681 2095.4578546929442 1792.0576597484137
scale 143.62447726684996 353.2721307396432 910.6161760602679 1789.5673818770954
