leaf 318.03769633329705 224.8109688493432 559.5281998371829 575.2990552788732
leaf 618.9384008533863 164.52977068822352 953.4710406260208 594.6072927756868
leaf 1112.9383334382485 148.66912174041806 1552.398541281032 632.8191936002354
leaf 1720.931293341341 222.49437574507405 2166.9269224160225 750.1162833362074
leaf 217.95587413402384 793.4846808201063 551.521908431103 1224.0503278794536
leaf 639.4050470544902 724.8874712045272 1126.794425087108 1231.3745560014545
leaf 1170.423095915791 894.1797553298569 1439.2355134013637 1222.4880455441757
leaf 1551.1224524733911 865.8878060192612 1738.7564969478167 1135.5109537604217
leaf 1850.2190151945638 928.9423024475917 1962.907219331854 1078.8282063021084
leaf 525.4913925543063 1338.9724566263794 574.3680904800467 1423.432433379131
mark 2089.6865717126934 37.5185468384492 2147.318303443829 97.53320617090031
tag 1808.8405755338767 1760.3316289568586 2126.1043280093095 1886.0984165535776
scale 151.17742611556102 381.15664420979033 892.9310134728196 1810.982949870104
