leaf 374.31184668989545 414.5722795125403 573.2191866034 717.8698894435088
leaf 662.032894971894 374.44077524218 944.5002634932355 724.8017525609091
leaf 1022.7105170592198 344.558683085396 1426.4100907488566 771.9892924146488
leaf 1572.2040613686165 295.14404997087115 2011.8790704281903 833.2648700546351
leaf 232.99384353052864 1033.9115528230684 665.7547028970221 1538.4502004473889
leaf 741.2257698936329 1065.9299061995846 1126.660645381914 1510.809927887488
leaf 1173.1415560519654 1045.4030430285013 1483.7987579452035 1416.2213752119308
leaf 1536.9060035200484 1116.858053232926 1728.2915324035007 1363.5178210986048
leaf 1781.4001911442454 1151.4364328767329 1905.0639837710282 1303.6464290582428
leaf 2020.7217205193815 1200.7034491982104 2091.6640618620017 1287.1279567623685
mark 2088.979046652126 43.163715778299775 2144.4354450079622 104.19624996732344
tag 1708.7187136341054 1778.244903856208 2028.1841785816364 1917.5178726808974
scale 168.3012283803694 389.8639615644232 907.6557310948388 1825.8620992919455
