leaf 388.85542249513423 336.68424558913046 583.4952702007228 630.4855101605447
leaf 723.0947078478877 299.82166507640716 1034.5397366513776 676.1585448285134
leaf 1333.8636906321456 199.8865239743293 1729.8926904126743 671.348156201452
leaf 284.4809907388189 880.897591877166 733.2537263345221 1425.2915984348858
leaf 872.6778543186521 907.6892156363901 1266.3141713424843 1409.479646700974
leaf 1346.499164009759 920.1424163760008 1685.7716015539936 1376.9101897434796
leaf 1769.8256431872007 999.2784407489842 2027.9737106482744 1361.918094321373
leaf 670.9573787463252 1496.8081141046994 855.521038839626 1744.0492844298965
leaf 1256.5133022614057 1603.7724108723335 1352.8258426679552 1778.2775204368575
mark 2087.3653300747224 36.52103256313112 2143.782568104176 103.22421725621413
tag 1693.3896888440495 1809.902130068602 2002.9220774580795 1939.1950946173292
scale 171.68557696724602 387.0160790292072 914.1874174855727 1825.706549387361
