leaf 340.91255767503264 328.9337621228448 559.3862708752994 655.5169046336207
leaf 616.2658789232632 269.67714507004314 960.3001028453016 656.1990840517242
leaf 1149.5250580152983 255.79665611530174 1537.7083595621461 725.7196255387931
leaf 1675.127239798835 264.07474070581895 2084.133913684805 755.221646012931
leaf 298.24200269320283 1036.7260237068965 745.4669185199804 1538.442349137931
leaf 879.1330068767694 1098.7713496767242 1193.656211294779 1513.667025862069
leaf 1316.5525982687282 1192.581155711207 1561.1817048501468 1518.8045864762933
leaf 1701.5043290301066 1247.408203125 1849.2202739649117 1458.5080818965516
leaf 1988.287250585257 1292.5689991918105 2073.7090201028964 1415.9032192887933
mark 2087.752744668037 35.00848599137931 2147.4705312908322 104.02458243534483
tag 1727.2578397212546 1769.7582165948281 2058.211536792928 1892.4137931034484
scale 169.45888335862642 383.56763537176727 909.9034474867976 1823.845804148707
