leaf 376.787242291281 292.7341957456979 629.4810895221989 662.6273771034372
leaf 712.9247674709413 271.1198121284208 1049.0264924478033 706.4457302932301
leaf 1082.3494154235627 253.13290702863586 1535.9883877956909 741.856213308885
leaf 1660.4958404647348 242.87667840844585 2138.4360847074395 756.9308675908221
leaf 290.3186827337285 1047.666099650454 731.1758050685976 1559.7502922218569
leaf 843.7368242748938 1008.2122368602862 1183.5485807943842 1440.8781297147616
leaf 1302.5550496702826 1013.0217133443624 1541.564740436833 1322.0019636281818
leaf 1577.9179621573523 1089.1347049399499 1805.2148628899445 1386.105629798787
leaf 1904.2386948854664 1133.358243924026 2044.7488382053707 1327.367937660582
leaf 2088.177310531563 1234.8979688246893 2154.4651544550984 1333.9272138839926
mark 2088.5565100480453 43.87028197075167 2144.542374561057 101.92030045635158
tag 1795.8281439272785 1747.0883740047652 2117.855678651391 1861.1562411306465
scale 169.5514091465116 392.54107724366634 906.8587055272757 1829.6459510467703
