leaf 436.0699621326832 344.5320940672896 659.6382573888693 694.6430492255524
leaf 738.244757143878 306.2784744146216 1092.779253916458 718.395157617467
leaf 1135.9600240993168 214.92366866483033 1562.0491011882077 716.888294831487
leaf 1669.802185483926 195.64099878209237 2079.2949673855346 698.6427322271215
leaf 334.30234976844923 996.9216054668863 718.0617909713906 1473.3442312924915
leaf 864.2413415144546 1014.9552783529266 1106.748963253008 1378.696551140938
leaf 1329.9579325287184 1078.5054966584416 1509.3809014828778 1309.677884866263
leaf 1684.039683272199 1198.6810668479395 1767.883823939732 1300.3161690981333
leaf 1947.5199882693407 1187.2597171696086 2006.142127698307 1265.3647131301063
mark 2091.114839028814 44.20499274566883 2153.7693360225667 105.26591841137136
tag 1651.510210522376 1796.336124565765 1969.0183652020498 1923.1809295188377
scale 166.85032467725802 389.09207852196147 910.2444796146831 1828.9184606421084
