leaf 376.6797545961387 278.9165267067394 602.7983936482606 606.4120227331402
leaf 768.5537977052483 236.878876258587 1102.4295214078152 633.0734607214215
leaf 1215.7369805844403 265.23016182033496 1640.2132087734103 733.9972209711184
leaf 1763.379424517163 209.01363223722612 2192.675844837149 741.5649936719873
leaf 307.69857894418965 856.6791662457346 661.4563009547855 1325.2568692612922
leaf 800.5495760714966 811.6044034409797 1208.913316680164 1362.015967358118
leaf 1372.8967989080875 926.2913772758396 1650.1072625881288 1274.6009844198993
leaf 1767.5223801244013 987.3678515204068 1957.4596931909437 1244.170311938757
leaf 343.5603471815794 1455.5258876756689 451.26636848050964 1604.432068923424
leaf 614.0817471281576 1449.3151476629848 669.7977465054714 1538.711250042093
mark 2088.5193147559617 42.83449966606052 2149.790630274118 102.61949210331358
tag 1694.5333196659954 1726.940427933616 2008.0641804871245 1865.066843317843
scale 155.65968530103305 381.1456556649044 893.7672538092743 1816.235085322939
