leaf 372.43492684713226 441.01702250668467 572.7351772826723 750.5905759384709
leaf 758.8159169054197 384.1821255218914 1038.155007179606 728.2411940157072
leaf 1155.4458926529835 307.58370119754943 1496.9152927730972 717.6976959053462
leaf 1618.6873273151677 300.60032849284477 2070.767577699668 771.8303389540138
leaf 367.4497486074627 1050.4296597249192 762.4048872359538 1492.2208732765444
leaf 884.2956277136187 996.555943447135 1294.085946431974 1460.951464096857
leaf 1450.258678476154 1097.6661413130748 1751.9337979094078 1457.9173131180537
leaf 1776.6566642734647 1065.688685109009 2013.6483541349085 1321.836230188665
leaf 757.2586080836917 1520.1331791777457 903.9772602573089 1703.7249706844527
leaf 1127.9786581112533 1580.7050956303028 1191.4152043040206 1666.6537187331949
mark 2087.853695540478 46.089435993143525 2144.9488952849383 111.40183084462386
tag 1779.4999540641331 1789.7272622453095 2110.3998153633356 1919.6802546718152
scale 160.02243148325212 385.4614591580276 902.634281597071 1823.9503197168528
