leaf 332.85816397318024 306.07249518304434 565.907980569979 661.6703513555215
leaf 642.4761389755621 277.4744273279444 956.318852122237 649.1777578952915
leaf 1038.6985324766576 254.5447534697134 1396.4754549352133 727.2593893003373
leaf 1630.8442487018863 265.615171340619 2022.594153427496 806.5420476953877
leaf 315.9087174578411 941.7425958122592 706.5531824623665 1423.3522935106575
leaf 866.4245411942644 937.0721452011079 1174.7428871713032 1403.4975651794316
leaf 1281.3388939834222 1087.7084641061538 1437.8516979682736 1333.0625037632467
leaf 1554.8768265887004 1100.6616559037814 1675.8494485994663 1330.7008303603686
leaf 1841.1623550042873 1106.0008655467245 1932.9268292682925 1300.558028322194
mark 2090.7189703220274 37.022259133399565 2149.7831927043635 99.44921451634755
tag 1753.763954720846 1787.6797928709057 2062.2786135789825 1906.4459183827073
scale 148.4573691763529 379.86693724409923 892.504424304497 1814.6237919978325
