leaf 385.18403971070614 304.77607893989546 602.9806371815114 641.5941328462392
leaf 792.728228525833 252.85564219059276 1110.4886640488894 643.206572431978
leaf 1217.68615467457 147.42331735094768 1663.9995232027168 654.1686854737734
leaf 1757.3980980849847 269.3565294262086 2196.4238051570665 757.1893666682911
leaf 397.8525424651568 938.254717865283 788.266481618848 1403.471424417624
leaf 947.9242857823389 956.8163441604936 1266.1281130056348 1346.674168562935
leaf 1450.966792196347 1043.5383563197277 1645.8468783175904 1282.8243908433676
leaf 1703.8363806960474 1110.4248264774021 1866.3658536585365 1310.081281841373
leaf 1958.3498203397212 1220.3447446036018 2078.421236151187 1354.1115535216231
mark 2089.97583518211 38.85324992877279 2145.0960272280595 100.67495007066489
tag 1852.6457106959115 1834.7480168845968 2171.835376912293 1976.0430026063534
scale 169.38742182396015 377.96645093101455 909.4435465211237 1816.0017412006284
