leaf 460.377813997169 360.9924224035036 593.4525152864358 558.6318913017652
leaf 704.400934624755 252.06144281730798 940.8961938731761 582.9882134331597
leaf 1133.4227643694196 206.27452169250253 1482.9017431810757 609.364588244208
leaf 1541.9092349806729 163.2069609777224 2018.2945054748748 683.1010329440178
leaf 248.62857193896997 839.2350494267839 693.8425650247714 1340.9278583161217
leaf 781.9444397185323 801.6683415087704 1190.4896593260019 1256.9980109788448
leaf 1286.4065604924326 885.2270413102774 1560.079594522403 1238.404224147285
leaf 1705.3841918519981 985.1446560096009 1901.2039960801394 1239.7875708802906
leaf 429.31533972976104 1476.0875758613206 526.7620647576629 1620.340642936385
leaf 802.6254963625599 1476.7972193458527 873.5388247393565 1576.360129754662
mark 2083.937813895089 39.02193512313667 2141.6269782195936 102.61207533796171
tag 1808.053937639509 1756.64833390393 2124.2612449300414 1898.7280737632077
scale 175.85149040620917 384.4612790981015 910.8684069271287 1819.96539879576
