leaf 324.3001410188575 229.6779407486605 569.9877472455494 587.8685447722103
leaf 712.6313000190548 165.8327399359809 1054.2754616554605 609.9042145593869
leaf 1147.8736787058335 85.00253494671935 1591.7415509905134 596.6700428929822
leaf 1694.0980992333814 164.18279772060583 2192.9927674403175 718.9637928812897
leaf 267.94826653776266 771.5125558202751 777.5884127201518 1332.847023448725
leaf 849.4573198378293 756.155346983694 1252.1610826233123 1291.9238386483028
leaf 1464.9857513746733 843.84071671643 1763.5104529616724 1256.0367119449306
leaf 1938.5315207238812 943.1296355148842 2160.992567746897 1225.0657203645085
leaf 735.1788330078125 1393.9224512092912 887.0861593106898 1595.462551190022
leaf 1078.0232435485627 1453.4956611253292 1152.6765585444116 1557.5459225241707
leaf 1327.9091301363105 1480.4406334887976 1391.2406309971827 1569.043213709104
mark 2093.407437527221 42.05715194059058 2145.3756713867188 98.94069452395385
tag 1823.6689253218913 1651.3254526657163 2134.660576478114 1792.8710808881854
scale 144.49762643421982 352.7926565586835 896.9896259374319 1785.188471183923
