leaf 389.95747742337215 333.8868476150132 615.1273279489125 666.3728751330825
leaf 736.7813631383384 282.5606485612104 1094.4056047712054 727.0298688013586
leaf 1166.8562651843558 263.58800144891137 1567.9292345213141 723.9842801084903
leaf 1706.8392029871923 283.15403680197335 2124.7429781923724 783.6298058449421
leaf 438.3393317564855 938.7948262805902 826.3139018945993 1372.9091862479006
leaf 974.1833421660632 1089.6256401076655 1206.4875607374238 1366.4944709880338
leaf 1412.06080420092 1138.650340484795 1569.380555900547 1356.5246066571199
leaf 1711.5516402081746 1211.0408801995861 1797.3491814909082 1321.2177708601998
mark 2089.5777579383985 40.003315345339495 2146.3540532447737 98.54754076351819
tag 1856.6927281821645 1825.3441726772433 2176.6127614941743 1949.1762924926522
scale 172.549676130873 384.52806000517336 913.6847678792601 1816.7407496007527
