leaf 296.4566126168813 171.62631260663613 530.8564502038191 548.3243099519576
leaf 576.4541327180763 259.8726708423132 931.149666497101 678.9519844493647
leaf 979.2797532563426 204.5919848913434 1481.3589469032422 739.9927276962105
leaf 1679.7994944077336 212.86137758452315 2180.0781611532284 808.7283805759473
leaf 260.6846018934084 919.1379576935166 697.4500600568924 1454.8330832295035
leaf 907.0995015533128 987.8273403123877 1272.8856103345493 1476.3808604273302
leaf 1378.116772163205 1089.9609146995106 1589.1695099408619 1369.1426847611351
leaf 1646.1076307130609 1077.1735615346627 1837.9355400696866 1332.217600153781
leaf 1869.6492802955547 1135.8161596539376 1987.0665895681348 1297.911978886045
leaf 2047.0880890424244 1164.1550419248383 2108.789198606272 1260.9080459770114
mark 2093.3869473660034 38.27447650076329 2148.8627304449315 103.16096303654814
tag 1693.1386025458678 1757.3279825846355 2003.2283495328152 1880.841722510327
scale 181.7247429292792 391.92775928015 920.1618235518292 1838.7457001784753
